-655.239 -190.689
-459.094 -775.764
-610.838 -952.19
-107.048 -641.769
-902.661 989.557
823.497 548.789
-692.596 515.795
-603.864 121.592
-741.666 345.636
937.671 234.73
-552.997 -781.821
-868.475 -57.8482
414.989 -430.192
-280.909 -212.832
331.641 689.727
-218.525 676.402
-500.963 322.381
900.638 -111.801
370.191 -206.41
246.431 467.531
-216.853 69.9272
16.32 90.5504
-414.278 412.456
-787.857 -155.944
-241.908 -850.186
-921.214 205.095
-632.008 -789.689
-852.753 782.981
-219.882 -133.662
-429.85 -888.24
-443.935 351.624
788.161 55.1021
-325.994 688.8
943.301 -955.803
-517.611 189.732
511.727 265.536
-740.341 -471.953
-643.914 -154.619
940.504 -431.771
689.437 -301.404
-281.957 768.224
903.691 86.0353
978.534 -949.061
-130.983 -241.347
-82.7234 439.166
-129.588 473.341
-209.209 -341.426
-471.557 464.796
-652.627 -528.255
508.993 -170.237
661.477 20.7207
-904.701 921.136
548.768 -548.615
-233.483 489.272
19.6143 -544.045
-812.132 737.657
-775.822 -908.441
-176.308 -797.287
-857.503 692.709
-38.6345 59.774
131.875 831.778
-466.885 922.666
-509.648 61.5587
387.462 -162.275
533.303 -103.544
667.488 194.78
917.176 762.787
115.917 465.945
-785.828 882.434
-44.7838 233.786
-661.611 143.084
-28.5569 -437.433
234.643 795.135
-234.72 377.14
487.844 726.645
-563.086 -380.281
558.423 -29.9706
-457.614 -951.225
-968.412 929.848
-113.5 564.892
-173.696 -446.012
-240.328 -256.52
-683.226 875.589
-790.575 -469.054
758.023 164.641
764.732 -903.588
-692.275 -263.825
-341.021 542.368
-468.69 424.259
-80.4923 -980.846
150.904 356.422
-361.126 -290.672
-673.549 181.26
-241.897 -641.961
111.108 644.603
922.931 937.412
-801.41 -317.397
-319.108 -484.636
-441.809 -109.683
46.3103 -683.786
-945.042 -188.958
-587.374 -637.317
547.217 71.605
905.05 -921.473
-504.136 -175.442
-902.318 646.768
-819.02 -263.444
-643.904 -492.569
917.815 114.198
-134.53 28.9229
-241.199 -211.599
-33.6656 -42.6089
471.003 647.226
472.756 -970.805
-462.457 -480.934
-654.591 -407.499
330.108 -241.965
-44.8167 -122.675
829.64 -139.767
-44.1475 -674.496
684.791 53.5344
972.272 865.771
790.09 -671.633
-626.798 707.905
442.565 238.672
-263.172 -798.634
-972.928 703.163
158.757 498.075
350.389 -368.487
527.27 887.932
150.579 872.679
-519.568 -519.313
-369.285 435.616
358.012 -539.645
-704.151 -686.135
-214.142 980.641
367.399 -241.87
846.411 157.489
86.4973 -780.387
-134.606 -470.937
458.285 602.223
-269.571 485.357
305.385 889.187
-16.5676 -344.226
-479.3 -489.297
-456.294 671.279
-616.618 24.1383
-848.034 14.0966
-540.246 509.978
474.451 -244.397
823.843 -739.691
-263.756 191.242
18.4394 -417.345
-651.269 -895.063
-197.732 214.125
-366.001 -739.447
-183.652 364.429
745.91 -878.267
253.615 -270.658
-222.493 774.315
240.045 321.213
445.594 623.427
-654.648 597.559
-362.477 -194.894
107.537 -888.025
560.709 -68.62
-627.716 -703.047
-877.378 390.723
-120.392 -528.647
495.66 681.876
685.478 -870.34
942.429 -498.174
494.088 688.339
-376.44 -252.297
-582.319 401.067
-477.982 657.725
-277.72 967.612
281.152 67.632
565.171 918.676
872.738 -327.291
-969.35 433.446
604.089 -597.066
730.399 726.71
793.658 -389.993
-801.937 289.318
-708.118 883.542
418.978 -765.689
-614.632 -86.9342
922.65 8.92782
660.769 -659.67
-590.005 -817.212
998.056 132.275
-849.601 279.208
-800.093 715.571
197.883 -927.355
-611.721 228.533
506.091 992.368
631.468 236.49
719.078 425.125
0 0
