56.3111 494.57
-393.967 -784.996
557.855 -490.057
682.385 -549.019
599.084 -999.244
916.144 827.372
528.184 785.983
-95.6116 636.108
-213.182 481.896
-305.188 -519.594
-433.512 428.107
31.7518 31.1234
994.044 -51.9025
-624.849 330.323
193.836 -858.877
725.878 -749.853
635.693 -668.089
-534.849 193.548
-158.146 -852.464
644.53 -559.062
-851.708 560.674
-731.69 676.476
346.657 172.699
312.584 -866.525
-345.405 -992.604
-386.119 221.083
435.503 645.633
-747.793 429.547
-406.27 -372.642
-240.13 787.566
-231.52 -514.252
-962.287 -595.827
-182.341 -497.136
597.722 659.513
-349.6 242.252
-899.548 -201.309
-197.075 -631.238
-524.833 -850.418
541.46 787.751
-716.943 -803.945
795.147 -103.062
417.139 230.651
-457.429 669.345
-339.803 136.301
-703.297 420.067
-76.1329 65.1838
905.815 -38.42
469.357 -276.525
464.444 67.0789
-617.012 -885.157
-690.669 -516.56
-86.4654 112.256
-147.799 388.702
261.838 -606.338
176.453 544.895
-410.283 -28.3995
-558.167 -993.144
-797.749 -15.5962
676.201 -137.551
-879.295 972.905
-717.484 44.572
38.0883 -811.669
-993.848 -492.555
-88.1937 470.596
574.524 294.794
585.439 883.855
778.234 -501.027
-3.88896 -369.564
887.675 -742.051
24.0976 64.1284
802.844 613.815
-964.271 -755.323
620.671 -762.02
229.081 296.872
100.429 349.786
269.777 382.945
-605.642 -692.135
571.276 -599.49
-184.689 -516.918
871.105 -610.165
777.877 456.544
-726.31 556.111
955.518 269.801
-813.453 843.193
527.75 210.644
-92.6785 330.594
-175.541 -56.9496
575.272 -554.87
181.03 -195.647
742.002 -718.541
-845.862 11.7785
664.404 -451.504
319.644 235.68
-50.9941 -865.046
718.762 -179.889
-475.211 496.639
-723.344 -201.521
52.7498 -767.827
-931.72 239.296
-924.633 596.03
-550.059 -17.3119
-73.375 274.399
925.738 -498.103
719.529 106.769
306.249 461.531
388.228 460.387
-526.691 52.6315
-991.116 792.953
-711.689 -42.1105
927.907 -992.927
778.001 -547.304
503.712 -945.344
251.175 -443.538
-713.17 319.456
795.758 -637.804
-84.5138 -754.301
344.885 842.111
520.098 270.623
-655.992 239.627
-622.608 650.257
-298.842 765.62
110.644 174.467
-181.749 119.528
-32.5798 106.562
-922.583 -104.673
113.636 855.418
348.023 -382.652
910.075 -400.801
173.81 -803.095
918.655 -30.4321
-440.899 -165.859
215.267 903.986
-323.748 -264.635
174.608 20.2596
974.992 552
-329.484 -323.85
317.62 781.161
850.617 -864.129
-99.3114 -181.963
242.434 -21.894
713.364 -643.931
-166.476 61.388
-26.5828 -256.401
660.587 -852.773
-59.4966 579.241
116.795 499.604
-586.618 -667.939
403.59 89.6341
67.4262 -421.802
-890.106 42.4181
-869.802 -219.59
718.568 447.818
-438.429 569.185
583.69 462.26
-612.777 -173.877
-559.634 -899.413
182.193 273.89
161.975 -844.39
-982.511 -177.438
-697.163 -42.008
-598.197 419.631
-542.404 -184.815
751.693 861.186
0 0
